$ 1 0.000005 0.7389056098930651 50 5 50 5e-11
s -608 112 -608 208 0 1 false
x -592 195 -579 198 4 24 a
x -372 197 -359 200 4 24 b
s -384 112 -384 208 0 1 false
w -608 208 -544 208 0
w -544 208 -544 240 0
w -608 208 -608 448 0
r -544 240 -544 288 0 1000
t -544 288 -544 336 0 1 -4.520474419246092 0.21834134737309663 100 default
g -560 336 -560 368 0 0
r -528 336 -464 336 0 1000
R -464 48 -464 0 0 0 40 5 0 0 0.5
w -464 48 -464 336 0
w -304 336 -304 448 0
w -240 48 -240 336 0
r -304 336 -240 336 0 1000
g -336 336 -336 368 0 0
t -320 288 -320 336 0 1 -4.762466881119676 0.23753189670921693 100 default
r -320 240 -320 288 0 1000
w -384 208 -384 448 0
w -320 208 -320 240 0
w -384 208 -320 208 0
w -144 208 -80 208 0
w -80 208 -80 240 0
w -144 208 -144 448 0
r -80 240 -80 288 0 1000
t -80 288 -80 336 0 1 -4.762467116815819 0.2375318974614923 100 default
g -96 336 -96 368 0 0
r -64 336 0 336 0 1000
w 0 48 0 336 0
w -64 336 -64 448 0
s -144 112 -144 208 0 1 false
x -132 192 -120 195 4 24 c
w -464 48 -384 48 0
w -240 48 -208 48 0
w -464 48 -608 48 0
w -608 48 -608 112 0
w -384 48 -240 48 0
w -384 112 -384 48 0
w -144 48 0 48 0
w -144 112 -144 48 0
r -96 976 -144 976 0 22000
r -96 864 -144 864 0 22000
w 32 992 128 992 0
g 32 1056 32 1088 0 0
r 32 992 32 1056 0 10000
w 32 880 32 960 0
t -96 976 32 976 0 1 0.5423986216517422 0.5603268738899785 100 default
t -96 864 32 864 0 1 -4.762467990428995 -1.0858637705974434 100 default
w -144 448 -144 864 0
w -528 336 -528 976 0
w -144 976 -528 976 0
w 32 848 32 48 0
w 32 48 0 48 0
r 112 448 64 448 0 22000
w 240 464 240 544 0
t 112 448 240 448 0 1 -0.000001036726981595848 0.20040697570500132 100 default
t 112 560 240 560 0 1 0.2004015373907322 0.2289114689597156 100 default
t 112 672 240 672 0 1 -4.5527407082450235 0.21833656759065825 100 default
w 240 576 240 656 0
r 240 688 240 752 0 10000
g 240 752 240 784 0 0
w 240 688 336 688 0
r 112 560 64 560 0 22000
r 112 672 64 672 0 22000
w -64 448 64 448 0
w 240 432 240 48 0
w 32 48 240 48 0
w -304 448 -304 560 0
w 64 560 -304 560 0
w -608 448 -608 672 0
w 64 672 -608 672 0
t -336 1104 -208 1104 0 1 -4.762467991181271 -1.0858637713497532 100 default
t -336 1216 -208 1216 0 1 0.542398621651742 0.5603268738899787 100 default
w -208 1120 -208 1200 0
r -208 1232 -208 1296 0 10000
g -208 1296 -208 1328 0 0
w -208 1232 -112 1232 0
r -336 1104 -384 1104 0 22000
r -336 1216 -384 1216 0 22000
w -208 1088 -208 48 0
w -208 48 -144 48 0
w -384 448 -384 1104 0
w -528 976 -528 1216 0
w -528 1216 -384 1216 0
w 336 688 336 912 0
w 128 992 336 992 0
w 336 1088 336 1232 0
w -112 1232 336 1232 0
r 432 912 336 912 0 1000
w 512 1184 544 1184 0
w 512 928 512 1184 0
w 640 896 640 976 0
w 640 896 512 896 0
t 432 912 512 912 0 1 -4.999995214727157 -0.8495426951141705 100 default
t 464 1088 640 1088 0 1 -3.69457760315961 0.4558749164533764 100 default
r 640 1184 640 1280 0 100000
g 640 1280 640 1360 0 0
w 640 976 640 1072 0
w 640 1184 752 1184 0
162 752 1184 752 1280 2 default-led 1 0 0 0.01
w 752 1280 640 1280 0
r 464 1088 336 1088 0 1000
t 432 992 544 992 0 1 -3.694577603159644 0.4558749164533429 100 default
w 544 1008 544 1184 0
w 640 976 544 976 0
r 432 992 336 992 0 1000
w 640 1104 640 1184 0
w 544 1184 640 1184 0
w 240 48 640 48 0
w 640 896 640 48 0
