$ 1 0.000005 0.7389056098930651 50 5 50 5e-11
x -597 -89 -584 -86 4 24 a
x -366 -88 -353 -85 4 24 b
w -608 208 -544 208 0
w -544 208 -544 240 0
w -608 208 -608 448 0
r -544 240 -544 288 0 1000
t -544 288 -544 336 0 1 -4.5204744193021895 0.21834134731700222 100 default
g -560 336 -560 368 0 0
r -528 336 -464 336 0 1000
R -464 48 -512 48 0 0 40 5 0 0 0.5
w -464 48 -464 336 0
w -304 336 -304 448 0
w -240 48 -240 336 0
r -304 336 -240 336 0 1000
g -336 336 -336 368 0 0
t -320 288 -320 336 0 1 -4.762466881103133 0.23753189672575847 100 default
r -320 240 -320 288 0 1000
w -384 208 -384 448 0
w -320 208 -320 240 0
w -384 208 -320 208 0
w -144 208 -80 208 0
w -80 208 -80 240 0
w -144 208 -144 448 0
r -80 240 -80 288 0 1000
t -80 288 -80 336 0 1 -4.762467116898621 0.23753189737869387 100 default
g -96 336 -96 368 0 0
r -64 336 0 336 0 1000
w 0 48 0 336 0
w -64 336 -64 448 0
x -128 -82 -116 -79 4 24 c
w -464 48 -384 48 0
w -240 48 -208 48 0
w -384 48 -240 48 0
w -144 48 0 48 0
r -96 976 -144 976 0 22000
r -96 864 -144 864 0 22000
w 32 992 128 992 0
g 32 1056 32 1088 0 0
r 32 992 32 1056 0 10000
w 32 880 32 960 0
t -96 976 32 976 0 1 0.5423986216517418 0.5603268738899785 100 default
t -96 864 32 864 0 1 -4.7624679905117935 -1.0858637706802745 100 default
w -144 448 -144 864 0
w -528 336 -528 976 0
w -144 976 -528 976 0
w 32 848 32 48 0
w 32 48 0 48 0
r 112 448 64 448 0 22000
w 240 464 240 544 0
t 112 448 240 448 0 1 -0.0000010367269780431343 0.2004069756500213 100 default
t 112 560 240 560 0 1 0.20040153733576105 0.22891146890475067 100 default
t 112 672 240 672 0 1 -4.552740708356095 0.218336567534574 100 default
w 240 576 240 656 0
r 240 688 240 752 0 10000
g 240 752 240 784 0 0
w 240 688 336 688 0
r 112 560 64 560 0 22000
r 112 672 64 672 0 22000
w -64 448 64 448 0
w 240 432 240 48 0
w 32 48 240 48 0
w -304 448 -304 560 0
w 64 560 -304 560 0
w -608 448 -608 672 0
w 64 672 -608 672 0
t -336 1104 -208 1104 0 1 -4.762467991164729 -1.085863771333207 100 default
t -336 1216 -208 1216 0 1 0.542398621651742 0.5603268738899787 100 default
w -208 1120 -208 1200 0
r -208 1232 -208 1296 0 10000
g -208 1296 -208 1328 0 0
w -208 1232 -112 1232 0
r -336 1104 -384 1104 0 22000
r -336 1216 -384 1216 0 22000
w -208 1088 -208 48 0
w -208 48 -144 48 0
w -384 448 -384 1104 0
w -528 976 -528 1216 0
w -528 1216 -384 1216 0
w 336 688 336 912 0
w 128 992 336 992 0
w 336 1088 336 1232 0
w -112 1232 336 1232 0
r 432 912 336 912 0 1000
w 512 1184 544 1184 0
w 512 928 512 1184 0
w 640 896 640 976 0
w 640 896 512 896 0
t 432 912 512 912 0 1 -4.999995214727167 -0.8495426951141943 100 default
t 464 1088 640 1088 0 1 -3.694577603159614 0.45587491645335887 100 default
r 640 1184 640 1280 0 100000
g 640 1280 640 1360 0 0
w 640 976 640 1072 0
w 640 1184 752 1184 0
162 752 1184 752 1280 2 default-led 1 0 0 0.01
w 752 1280 640 1280 0
r 464 1088 336 1088 0 1000
t 432 992 544 992 0 1 -3.6945776031596114 0.45587491645336153 100 default
w 544 1008 544 1184 0
w 640 976 544 976 0
r 432 992 336 992 0 1000
w 640 1104 640 1184 0
w 544 1184 640 1184 0
w 240 48 640 48 0
w 640 896 640 48 0
w -144 144 -144 -112 0
d -144 144 -144 208 2 default
w -384 144 -384 -112 0
d -384 144 -384 208 2 default
w -608 144 -608 -112 0
d -608 144 -608 208 2 default
207 -608 -112 -608 -176 4 a
207 -384 -112 -384 -176 4 b
207 -144 -112 -144 -176 4 c
207 832 1184 832 1248 4 out
w 832 1184 752 1184 0
