$ 1 0.000005 10.20027730826997 50 5 43 5e-11
I -64 96 -64 208 0 0.5 5
w -96 64 -96 96 0
w -96 96 -64 96 0
w -96 96 -96 208 0
w 80 96 80 208 0
w 80 96 112 96 0
w 80 64 80 96 0
I 112 96 112 208 0 0.5 5
I 288 96 288 208 0 0.5 5
w 256 64 256 96 0
w 256 96 288 96 0
w 256 96 256 208 0
150 368 368 544 368 0 2 0 5
150 544 432 704 432 0 2 0 5
150 432 576 704 576 0 2 0 5
150 432 704 704 704 0 2 0 5
152 704 512 928 512 0 2 0 5
152 928 576 1136 576 0 2 0 5
w 928 512 928 560 0
w 928 592 928 704 0
w 704 704 928 704 0
w 704 576 704 528 0
w 704 432 704 496 0
w 544 368 544 416 0
w 544 448 368 448 0
w -64 592 -64 720 0
w 432 720 -64 720 0
w 80 208 80 688 0
w 432 688 80 688 0
w -64 208 -64 592 0
w 432 592 -64 592 0
w 432 560 256 560 0
w 256 560 256 208 0
w 288 208 288 352 0
w 368 352 288 352 0
w 368 384 112 384 0
w 112 384 112 208 0
w -96 208 -96 448 0
w -96 448 368 448 0
207 -96 64 -96 -16 4 a
207 80 64 80 -16 4 b
207 256 64 256 -16 4 c
207 1136 672 1136 768 4 out
w 1136 576 1136 672 0
