$ 1 0.000005 10.20027730826997 50 5 43 5e-11
w -96 512 -144 512 0
207 -96 592 -96 640 4 5
w -96 544 -96 592 0
207 -144 592 -144 640 4 4
w -144 512 -144 592 0
207 64 592 64 640 4 6
w 64 528 64 592 0
w -176 528 -176 592 0
207 -176 592 -176 640 4 3
w -384 512 -384 592 0
207 -384 592 -384 640 4 1
w -336 544 -336 592 0
207 -336 592 -336 640 4 2
w -96 480 -144 480 0
207 -144 400 -144 352 4 10
207 64 400 64 352 4 8
207 -96 400 -96 352 4 9
w -96 400 -96 448 0
w -144 400 -144 480 0
w 64 400 64 464 0
w -176 400 -176 464 0
w -384 400 -384 480 0
w -336 400 -336 448 0
207 -336 400 -336 352 4 12
207 -176 400 -176 352 4 11
207 -384 400 -384 352 4 13
w -336 512 -384 512 0
w -336 480 -384 480 0
152 -336 464 -176 464 0 2 0 5
152 -336 528 -176 528 0 2 0 5
152 -96 528 64 528 0 2 0 5
152 -96 464 64 464 0 2 0 5
