$ 1 0.000005 10.20027730826997 50 5 50 5e-11
. 7404\s(NOT) 1 6 3 12 1 1 0 1 10 6 3 0 11 5 2 0 12 3 1 0 13 4 0 0 2 2 1 1 3 8 2 1 4 7 3 1 5 12 4 1 6 11 5 1 8 10 5 0 9 9 4 0 InverterElm\s4\s3\rInverterElm\s5\s6\rInverterElm\s9\s10\rInverterElm\s12\s11\rInverterElm\s8\s7\rInverterElm\s1\s2 0\\s0.5\\s5\s0\\s0.5\\s5\s0\\s0.5\\s5\s0\\s0.5\\s5\s0\\s0.5\\s5\s0\\s0.5\\s5
410 64 192 96 192 1 7404\s(NOT) 0\s0.5\s5 0\s0.5\s5 0\s0.5\s5 0\s0.5\s5 0\s0.5\s5 0\s0.5\s5
. 7408\s(AND) 1 6 3 12 1 5 0 1 10 8 3 0 11 3 2 0 12 2 1 0 13 1 0 0 2 4 1 1 3 6 2 1 4 11 3 1 5 12 4 1 6 10 5 1 8 7 5 0 9 9 4 0 AndGateElm\s1\s2\s3\rAndGateElm\s4\s5\s6\rAndGateElm\s8\s9\s7\rAndGateElm\s12\s11\s10 0\\s2\\s0\\s5\s0\\s2\\s0\\s5\s0\\s2\\s0\\s5\s0\\s2\\s0\\s5
410 176 432 272 432 1 7408\s(AND) 0\s2\s0\s5 0\s2\s0\s5 0\s2\s0\s5 0\s2\s0\s5
. 7432\s(OR) 1 6 3 12 1 5 0 1 10 7 3 0 11 10 2 0 12 12 1 0 13 11 0 0 2 6 1 1 3 4 2 1 4 1 3 1 5 2 4 1 6 3 5 1 8 8 5 0 9 9 4 0 OrGateElm\s11\s12\s10\rOrGateElm\s6\s5\s4\rOrGateElm\s2\s1\s3\rOrGateElm\s7\s9\s8 0\\s2\\s0\\s5\s0\\s2\\s0\\s5\s0\\s2\\s0\\s5\s0\\s2\\s0\\s5
410 944 432 1120 416 1 7432\s(OR) 0\s2\s0\s5 0\s2\s0\s5 0\s2\s0\s5 0\s2\s0\s5
s 32 -80 32 64 0 1 false
R 352 -160 352 -256 0 0 40 5 0 0 0.5
w 352 -160 32 -160 0
w 32 -160 32 -80 0
w 32 64 32 368 0
w 32 64 96 64 0
w 96 64 96 160 0
w 128 160 128 32 0
w 128 32 208 32 0
s 352 -80 352 64 0 1 false
s 640 -80 640 64 0 1 false
w 352 -160 352 -80 0
w 352 -160 640 -160 0
w 640 -160 640 -80 0
w 352 64 160 64 0
w 160 64 160 160 0
w 192 160 192 80 0
w -16 80 192 80 0
w 224 160 224 112 0
w 224 112 336 112 0
w 640 64 640 112 0
w 256 160 256 144 0
w 208 32 208 400 0
w 352 64 384 64 0
w 384 64 384 320 0
w 384 320 240 320 0
w 240 320 240 400 0
w 272 400 272 336 0
w 272 336 928 336 0
w 208 32 304 32 0
w 304 400 304 32 0
w 336 112 640 112 0
w 336 112 336 400 0
w 368 400 368 368 0
w 368 368 928 368 0
w 32 368 32 608 0
w 208 528 208 608 0
w 208 608 32 608 0
w -16 80 -16 560 0
w -16 560 240 560 0
w 240 560 240 528 0
w 272 528 272 592 0
w 272 592 304 592 0
w 304 592 304 528 0
w 256 144 416 144 0
w 416 144 416 592 0
w 416 592 336 592 0
w 336 592 336 528 0
w 368 528 368 560 0
w 368 560 912 560 0
w 928 368 976 368 0
w 976 368 976 400 0
w 1008 400 1008 336 0
w 928 336 1008 336 0
w 1040 400 1040 352 0
w 1040 352 1072 352 0
w 1072 352 1072 400 0
w 912 560 1216 560 0
w 1216 560 1216 368 0
w 1216 368 1104 368 0
w 1104 368 1104 400 0
w 1136 400 1136 288 0
w 1136 288 1264 288 0
162 1264 288 1392 288 2 default-led 1 0 0 0.01
g 1392 288 1392 384 0 0
