$ 1 0.000005 0.15814360605671443 27 5 43 5e-11
. R30 1 3 3 4 a 1 0 0 b 3 1 0 c 5 2 0 out 12 0 1 InverterElm\s1\s2\rInverterElm\s3\s4\rInverterElm\s5\s6\rAndGateElm\s4\s6\s7\rAndGateElm\s1\s7\s8\rAndGateElm\s2\s5\s9\rAndGateElm\s2\s3\s10\rOrGateElm\s9\s8\s11\rOrGateElm\s10\s11\s12 0\\s0.5\\s5\s0\\s0.5\\s5\s0\\s0.5\\s5\s0\\s2\\s0\\s5\s0\\s2\\s0\\s5\s0\\s2\\s0\\s5\s0\\s2\\s0\\s5\s0\\s2\\s0\\s5\s0\\s2\\s0\\s5
410 224 368 288 368 1 R30 0\s0.5\s5 0\s0.5\s5 0\s0.5\s5 0\s2\s0\s5 0\s2\s0\s5 0\s2\s0\s5 0\s2\s0\s5 0\s2\s0\s5 0\s2\s0\s5
410 464 368 512 368 1 R30 0\s0.5\s5 0\s0.5\s5 0\s0.5\s5 0\s2\s0\s5 0\s2\s0\s5 0\s2\s0\s5 0\s2\s0\s5 0\s2\s0\s5 0\s2\s0\s5
410 -16 368 64 368 1 R30 0\s0.5\s5 0\s0.5\s5 0\s0.5\s5 0\s2\s0\s5 0\s2\s0\s5 0\s2\s0\s5 0\s2\s0\s5 0\s2\s0\s5 0\s2\s0\s5
R 288 16 288 -96 0 0 40 12 0 0 0.5
s 288 16 288 112 0 0 false
s 48 16 48 112 0 0 false
s 528 16 528 112 0 0 false
w 48 16 288 16 0
w 288 16 528 16 0
w 288 240 288 288 0
w 288 288 288 336 0
w 288 288 496 288 0
w 496 288 496 336 0
w 288 288 208 288 0
w 80 288 80 336 0
w 256 464 256 528 0
w 48 240 48 336 0
w 528 240 528 336 0
w 256 528 256 592 0
162 256 592 256 704 2 default-led 1 0 0 0.01
g 256 704 256 768 0 0
162 16 592 16 704 2 default-led 1 0 0 0.01
w 16 528 16 592 0
w 16 464 16 528 0
w 496 464 496 528 0
w 496 528 496 592 0
162 496 592 496 704 2 default-led 1 0 0 0.01
w 256 704 496 704 0
w 256 704 16 704 0
w 48 240 144 240 0
w 256 240 256 336 0
w 528 240 432 240 0
w 320 336 320 240 0
g 672 352 672 432 0 0
w 560 336 560 304 0
w 560 304 672 304 0
w 672 304 672 352 0
g -64 352 -64 432 0 0
w 16 304 16 336 0
w 16 304 -64 304 0
w -64 304 -64 352 0
w 208 288 80 288 0
w 144 240 256 240 0
w 432 240 320 240 0
w 48 112 48 240 0
w 528 112 528 240 0
w 288 112 288 240 0
