$ 1 0.000005 10.20027730826997 50 5 43 5e-11
207 -80 416 -80 464 4 1
207 32 416 32 464 4 2
w 32 208 32 288 0
w -80 208 -80 288 0
I -80 288 32 288 0 0.5 5
I 64 288 176 288 0 0.5 5
w 64 208 64 288 0
w 176 208 176 288 0
207 176 416 176 464 4 4
207 64 416 64 464 4 3
I 208 288 320 288 0 0.5 5
w 208 208 208 288 0
w 320 208 320 288 0
207 320 416 320 464 4 6
207 208 416 208 464 4 5
w 320 336 320 416 0
w 208 336 208 416 0
I 208 336 320 336 0 0.5 5
w 176 336 176 416 0
w 64 336 64 416 0
I 64 336 176 336 0 0.5 5
I -80 336 32 336 0 0.5 5
w -80 336 -80 416 0
w 32 336 32 416 0
207 208 208 208 160 4 9
207 320 208 320 160 4 8
207 64 208 64 160 4 11
207 176 208 176 160 4 10
207 32 208 32 160 4 12
207 -80 208 -80 160 4 13
