$ 1 0.000005 10.20027730826997 50 5 43 5e-11
150 -80 272 80 272 0 2 0 5
150 -80 336 80 336 0 2 0 5
w -80 288 -128 288 0
w -80 320 -128 320 0
207 -128 208 -128 160 4 13
207 80 208 80 160 4 11
207 -80 208 -80 160 4 12
w -80 208 -80 256 0
w -128 208 -128 288 0
w 80 208 80 272 0
w 320 208 320 272 0
w 112 208 112 288 0
w 160 208 160 256 0
207 160 208 160 160 4 9
207 320 208 320 160 4 8
207 112 208 112 160 4 10
w 160 288 112 288 0
150 160 272 320 272 0 2 0 5
207 -80 400 -80 448 4 2
w -80 352 -80 400 0
207 -128 400 -128 448 4 1
w -128 320 -128 400 0
207 80 400 80 448 4 3
w 80 336 80 400 0
w 320 336 320 400 0
207 320 400 320 448 4 6
w 112 320 112 400 0
207 112 400 112 448 4 4
w 160 352 160 400 0
207 160 400 160 448 4 5
w 160 320 112 320 0
150 160 336 320 336 0 2 0 5
